[1] "lib"
variable
                0          0.037037         0.0555555          0.074074          0.111111 
             8398               684                95              1366              1805 
         0.148148         0.1666665          0.185185 0.185185333333333          0.222222 
             3417               148              1297               683              2403 
0.222222333333333          0.259259 0.259259333333333         0.2777775          0.277778 
              511              1196               754               109               167 
         0.296296 0.296296333333333          0.333333 0.333333333333333         0.3333335 
             3875               872               933              2061               124 
          0.37037 0.370370333333333 0.370370666666667         0.3888885          0.388889 
              587              1261               969                80               156 
         0.407407 0.407407333333333 0.407407666666667          0.444444 0.444444333333333 
              323              1265               603              2244               953 
        0.4444445 0.444444666666667 0.481481333333333 0.481481666666667               0.5 
              142               982              1353               920               355 
0.518518333333333 0.518518666666667 0.555555333333333         0.5555555 0.555555666666667 
              623              1601               536               135              1240 
         0.555556 0.592592333333333 0.592592666666667          0.592593          0.611111 
              682               227              1444               196               105 
        0.6111115 0.629629333333333 0.629629666666667           0.62963         0.6666665 
               64               571               998               342                45 
0.666666666666667          0.666667 0.703703666666667          0.703704          0.722222 
             1992               743               607               782                84 
        0.7222225 0.740740666666667          0.740741 0.777777666666667          0.777778 
               98               624               656               270              1454 
0.814814666666667          0.814815         0.8333335          0.851852          0.888889 
              639               813                99              1217              1140 
         0.925926         0.9444445          0.962963                 1 
              949                31               472              2957 
