[1] "equality"
variable
             0.33 0.386666666666667             0.415             0.495 0.496666666666667 
             4882               840               736              3679              1965 
              0.5 0.553333333333333              0.58 0.606666666666667              0.61 
             1017              1095              1103              2242               603 
             0.66 0.663333333333333             0.665              0.72              0.75 
             5635              3934              2039               897               544 
0.773333333333333 0.776666666666667              0.83 0.833333333333333 0.886666666666667 
             8106              2004              3517               695              4921 
                1 
            14385 
