[1] "birth"
variable
1898 1900 1901 1902 1903 1904 1905 1906 1907 1908 1909 1910 1911 1912 1913 1914 1915 1916 1917 1918 
   1    1    2    5    5    3   10   11   18   21   44   64   84   92  103  143  163  184  206  237 
1919 1920 1921 1922 1923 1924 1925 1926 1927 1928 1929 1930 1931 1932 1933 1934 1935 1936 1937 1938 
 372  538  631  698  782  966 1092 1166 1325 1382 1510 1697 1678 1750 1823 1908 2022 2188 2173 2365 
1939 1940 1941 1942 1943 1944 1945 1946 1947 1948 1949 1950 1951 1952 1953 1954 1955 1956 1957 1958 
2415 2571 2285 2237 2168 2233 2262 2539 2606 2876 2913 3170 2934 2966 3022 3132 3191 3173 3143 3269 
1959 1960 1961 1962 1963 1964 1965 1966 1967 1968 1969 1970 1971 1972 1973 1974 1975 1976 1977 1978 
3257 3464 3290 3256 3307 3264 3212 3177 3084 3276 3134 3324 3011 3065 2879 2929 2842 2924 2780 3073 
1979 1980 1981 1982 1983 1984 1985 1986 1987 1988 1989 1990 1991 1992 1993 1994 
2599 2615 2068 1651 1619 1472 1501 1541 1487 1537 1279  990   94    2    1    1 
