[1] "socpol"
variable
               1 1.33333333333333              1.5 1.66666666666667                2 
           14158               94              137              139             9019 
2.33333333333333              2.5 2.66666666666667                3 3.33333333333333 
             228              228              221            15670              342 
             3.5 3.66666666666667                4 4.33333333333333              4.5 
             344              497            14108              564              451 
4.66666666666667                5 5.33333333333333              5.5 5.66666666666667 
             581            20285              659             1039              648 
               6 6.33333333333333              6.5 6.66666666666667                7 
           17332              633              567              663            13909 
7.33333333333333              7.5 7.66666666666667                8 8.33333333333333 
             511              592              493            15252              565 
             8.5 8.66666666666667                9 9.33333333333333              9.5 
             267              357            10171              281              137 
9.66666666666667               10 
             212            23365 
