[1] "autdem"
variable
                -3               -2.8              -2.75  -2.66666666666667               -2.6 
               144                 38                 14                  7                 43 
              -2.5               -2.4  -2.33333333333333               -2.3              -2.25 
               113                 94                  6                 38                 57 
              -2.2  -2.16666666666667               -2.1                 -2               -1.9 
                88                  2                 66                425                108 
 -1.83333333333333               -1.8              -1.75               -1.7  -1.66666666666667 
                 4                160                 90                103                 48 
              -1.6               -1.5               -1.4  -1.33333333333333               -1.3 
               202                541                327                 85                207 
             -1.25               -1.2  -1.16666666666667               -1.1                 -1 
               167                477                  7                215               1936 
              -0.9 -0.833333333333333               -0.8              -0.75               -0.7 
               327                 19               1067                296                491 
-0.666666666666667               -0.6               -0.5               -0.4 -0.333333333333333 
               169               1139               2182               1043                222 
              -0.3              -0.25               -0.2 -0.166666666666667               -0.1 
              1215                410               1306                 57               1417 
                 0                0.1  0.166666666666667                0.2               0.25 
              6591               1535                 87               2626                915 
               0.3  0.333333333333333                0.4                0.5                0.6 
              1567                659               3774               5727               4846 
 0.666666666666667                0.7               0.75                0.8  0.833333333333333 
               810               1541               1484               5859                109 
               0.9                  1                1.1   1.16666666666667                1.2 
              1784              13552               2365                174               5082 
              1.25                1.3   1.33333333333333                1.4                1.5 
              1469               3304                594               3993               9129 
               1.6   1.66666666666667                1.7               1.75                1.8 
              2585                413               4145                954               3253 
  1.83333333333333                1.9                  2                2.1   2.16666666666667 
               250               3525              10312               1179                119 
               2.2               2.25                2.3   2.33333333333333                2.4 
              4926                673                608                215               5962 
               2.5                2.6   2.66666666666667               2.75                2.8 
              3366               3289                123                206               2211 
                 3 
              8602 
