[1] "nat"
variable
                0               0.2              0.25 0.333333333333333               0.4 
              211                35                 2                 2               140 
              0.5               0.6 0.666666666666667              0.75               0.8 
                7               280                 4                15               464 
                1               1.2              1.25  1.33333333333333               1.4 
             1261              1903                65                31              3034 
              1.5               1.6  1.66666666666667              1.75               1.8 
              133              4651                40               158              6322 
                2               2.2              2.25  2.33333333333333               2.4 
            10333              6702               212                68              5901 
              2.5               2.6  2.66666666666667              2.75               2.8 
              206              4956                47                77              3600 
                3 
             9047 
